(+0) Oct 02 08			| 0

(+28) Oct 31 08		| 28
(+30) Nov 30 08		| 58
(+31) Dec 31 08		| 89
(+31) Jan 31 09		| 120
(+28) Feb 28 09		| 148
(+31) Mar 31 09		| 179
(+30) Apr 30 09		| 209
(+31) May 31 09		| 240
(+30) Jun 30 09		| 270
(+31) Jul 31 09		| 301
(+31) Aug 31 09		| 332
(+30) Sep 30 09		| 362
(+31) Oct 31 09		| 393
(+30) Nov 30 09		| 423
(+31) Dec 31 09		| 454
(+31) Jan 31 10		| 485
(+28) Feb 28 10		| 513
(+31) Mar 31 10		| 544
(+30) Apr 30 10		| 574
(+31) May 31 10		| 605
(+28) Jun 28 10		| 633

(+0.75) Jun 28 10	| 0

(+2) Jun 30 10			| 2
(+31) Jul 31 10		| 33
(+31) Aug 31 10		| 64
(+30) Sep 30 10		| 94
(+31) Oct 31 10		| 125
(+30) Nov 30 10		| 155
(+31) Dec 31 10		| 186
(+31) Jan 31 11		| 217
(+28) Feb 28 11		| 245
(+31) Mar 31 11		| 276
(+30) Apr 30 11		| 306
(+31) May 31 11		| 337
(+30) Jun 30 11		| 367
(+31) Jul 31 11		| 398
(+31) Aug 31 11		| 429
(+30) Sep 30 11		| 459
(+31) Oct 31 11		| 490
(+30) Nov 30 11		| 520
(+31) Dec 31 11		| 551
(+31) Jan 31 12		| 582
(+28) Feb 28 12		| 610
(+23) Mar 24 12		| 633

(+1.5) Mar 24 12		| 0

(+31) Mar 31 12		| 7
(+30) Apr 30 12		| 37
(+31) May 31 12		| 68
(+30) Jun 30 12		| 98
(+31) Jul 31 12		| 129
(+31) Aug 31 12		| 160
(+30) Sep 30 12		| 190
(+31) Oct 31 12		| 221
(+30) Nov 30 12		| 251
(+31) Dec 31 12		| 282
(+31) Jan 31 13		| 313
(+28) Feb 28 13		| 341
(+31) Mar 31 13		| 372
(+30) Apr 30 13		| 402
(+31) May 31 13		| 433
(+30) Jun 30 13		| 463
(+31) Jul 31 13		| 494
(+31) Aug 31 13		| 525
(+30) Sep 30 13		| 555
(+31) Oct 31 13		| 586
(+30) Nov 30 13		| 616
(+17) Dec 17 13		| 633

(+2.25) Dec 19 13	| 0

(+31) Dec 31 13		| 12
